	Theta	Offset	DEC-Einstein	DEC-ROSART	RA-Einstein		RA-ROSAT
    25.8	0.442193	55.137461	55.130770	  211.875283	  211.879790
     9.4	0.311133	55.270720	55.270970	  244.266441	  244.270980
    25.2	0.456221	55.325885	55.327080	  301.879535	  301.867430
    23.2	0.535637	55.385593	55.379830	  117.533976	  117.539090
    27.0	0.897096	55.449691	55.454730	  179.493477	  179.483660
     9.5	0.312159	55.490123	55.489960	  280.681472	  280.686100
    54.1	0.730789	55.491365	55.481240	  199.725324	  199.705700
    15.3	0.333661	55.537550	55.533380	  179.980478	  179.981990
    30.0	0.670073	55.565134	55.562230	  244.985498	  244.999310
    16.4	0.395954	55.601831	55.599710	  301.936722	  301.929600
   145.0	1.958778	55.612263	55.625100	  226.958068	  227.025700
    14.1	0.334021	55.635570	55.632880	  117.286242	  117.281230
   159.3	2.463270	55.666789	55.686820	  280.474062	  280.544040
    30.1	0.407152	55.677629	55.681310	  150.481923	  150.495220
    23.8	0.447257	55.711155	55.704740	  266.240322	  266.237490
   187.4	2.289437	55.720119	55.686820	  280.473010	  280.544040
   125.3	1.712384	55.728702	55.704740	  266.192700	  266.237490
   128.1	1.692519	55.736488	55.770930	  226.799907	  226.784060
    23.4	0.440500	55.736731	55.731000	  292.813465	  292.808010
    64.8	1.497254	55.751623	55.734270	  173.098016	  173.106450
    36.6	0.671376	55.762621	55.760320	  226.610131	  226.627750
    10.3	0.137341	55.768955	55.771780	  179.904421	  179.903720
   162.9	2.206174	55.798659	55.802950	  206.215923	  206.296080
   156.6	2.103089	55.815054	55.840310	  301.916680	  301.853610
    31.1	0.581798	55.900130	55.897720	  150.325042	  150.339830
    14.4	0.472264	55.957195	55.956260	  145.945295	  145.938340
    33.3	0.957010	55.964964	55.973990	  173.098722	  173.095050
    36.1	0.490982	56.025225	56.021440	  228.895292	  228.878690
    44.6	0.595870	56.082256	56.072590	  193.837807	  193.823940
   145.1	1.951531	56.154721	56.120510	  161.020208	  160.981960
    44.0	0.811569	56.348181	56.359980	  228.104630	  228.098950
    98.8	1.311950	56.352394	56.378740	  228.585818	  228.599730
    17.7	0.320630	56.416923	56.415380	  173.566326	  173.574740
    49.9	1.184148	56.422369	56.432090	  214.781708	  214.799550
    51.1	1.666706	56.445838	56.434330	  214.266751	  214.251750
    49.9	1.147533	56.502695	56.516070	  192.393532	  192.400120
    32.2	0.603855	56.535848	56.534380	  154.256375	  154.240360
    57.4	0.775851	56.537388	56.523930	  275.882432	  275.897950
     9.2	0.301494	56.576653	56.575880	  193.118113	  193.113690
    65.5	1.496747	56.641192	56.627470	  163.872322	  163.850570
   186.6	2.519089	56.661497	56.710430	  154.065213	  154.096280
    18.7	0.439227	56.770044	56.767980	  153.434580	  153.425900
    25.2	0.451356	56.833535	56.827890	  193.734682	  193.742290
    40.7	0.953828	56.833562	56.837690	  192.759761	  192.740520
    19.7	0.478561	56.849274	56.849310	  276.039272	  276.029270
    41.7	0.967488	56.903197	56.914780	  153.597563	  153.597600
   124.3	1.669006	57.041378	57.073960	  163.811338	  163.832290
    18.7	0.623322	57.272885	57.275240	  120.639849	  120.648440
    37.2	0.676875	57.298765	57.305280	  227.402265	  227.417110
    60.3	0.815543	57.503447	57.503130	  122.823387	  122.792240
    37.2	0.886941	57.613258	57.605030	  234.549330	  234.537670
    98.0	1.768744	57.636259	57.655850	  199.314371	  199.349720
    19.4	0.360599	57.657209	57.652660	  124.108245	  124.102880
    72.3	1.281463	57.729605	57.713400	  123.927086	  123.904850
    45.1	1.336877	57.900268	57.904370	  129.797444	  129.775150
    16.8	0.559197	57.905668	57.901130	  233.964522	  233.966580
    93.1	1.722262	57.936209	57.961070	  157.679589	  157.692980
   265.7	3.542024	58.017110	58.085770	  158.165160	  158.113940
    29.9	0.393508	58.017110	58.011980	  158.165160	  158.152860
    65.1	0.880402	58.027794	58.015570	  233.543168	  233.518020
    13.0	0.238985	58.062726	58.066310	  199.417522	  199.418320
    39.2	0.865587	58.214053	58.206570	  198.946252	  198.931240
    37.2	0.876420	58.219197	58.208970	  202.015467	  202.018330
    50.7	0.677442	58.256986	58.270580	  157.979369	  157.986400
    47.5	0.879545	58.283356	58.278820	  199.825154	  199.801610
   122.8	2.242041	58.298356	58.321470	  123.956937	  124.004720
    27.3	0.890428	58.424921	58.418460	  202.402333	  202.409940
    38.4	0.682746	58.432971	58.442130	  198.181084	  198.170590
   148.8	1.985730	58.462351	58.426660	  198.690145	  198.729930
   107.9	1.463582	58.513802	58.540600	  202.861256	  202.835600
    80.0	1.481981	58.522770	58.540600	  202.810237	  202.835600
    21.4	0.711406	58.558610	58.564480	  240.472742	  240.474460
     6.4	0.209390	58.767969	58.769740	  114.237508	  114.237320
   132.8	1.676068	58.898841	58.873880	  133.490046	  133.437480
    48.3	1.564717	58.927842	58.940830	  191.164959	  191.171400
    20.0	0.661769	59.025785	59.021190	   76.559350	   76.553310
    75.1	1.390874	59.127408	59.147630	  134.252619	  134.262680
    23.3	0.315786	59.305952	59.312200	  193.250237	  193.246950
    10.7	0.198511	59.331399	59.334350	  283.243851	  283.244600
    17.5	0.403817	59.359097	59.354230	  234.664843	  234.665050
    21.5	0.517785	59.392316	59.387100	  282.807049	  282.801360
    31.3	0.586706	59.628456	59.622830	  280.715245	  280.702150
     9.2	0.297155	59.660744	59.661740	  212.354203	  212.349560
    58.3	1.343561	59.706034	59.722130	  212.582457	  212.578810
    32.0	0.435093	59.708140	59.713820	  235.871869	  235.885410
    15.2	0.486446	59.770103	59.771260	  308.709068	  308.700990
   138.9	1.873809	59.824990	59.810670	  261.543597	  261.472320
    13.3	0.180134	59.878497	59.876380	  307.750879	  307.756900
    11.4	0.212732	59.931958	59.929580	  261.666573	  261.662410
    21.2	0.464737	60.019383	60.022230	  206.153470	  206.143130
   144.6	2.589295	60.028592	60.061000	  205.708708	  205.756240
    35.3	0.645894	60.087749	60.094400	  309.785195	  309.799680
    75.5	2.381263	60.170232	60.190750	  308.738663	  308.747310
    20.6	0.279951	60.195715	60.191810	  261.002800	  260.994380
    48.1	1.122164	60.259121	60.259580	  205.421134	  205.394200
   156.7	2.119649	60.269287	60.239840	  259.903254	  259.967900
   110.6	1.498991	60.270587	60.249390	  257.102846	  257.058010
    17.7	0.587962	60.324245	60.320520	  192.170358	  192.163860
    77.8	1.174586	60.366126	60.380820	  205.545668	  205.577710
    39.9	0.940039	60.378212	60.367950	  307.926271	  307.934690
    19.2	0.438245	60.401093	60.401680	  256.749198	  256.738490
    48.0	1.038390	60.402158	60.414910	  309.113239	  309.121190
    32.2	0.763036	60.408039	60.412920	  206.997317	  206.982150
    84.0	1.145555	60.419863	60.402750	  294.810262	  294.778110
    96.0	1.678487	60.428857	60.414910	  309.167203	  309.121190
    27.0	0.840570	60.438046	60.445080	   75.847196	   75.852550
    26.3	0.843120	60.498082	60.503560	  310.082127	  310.072330
   176.1	2.363362	60.505490	60.489020	  308.264314	  308.357820
   128.5	2.334148	60.524004	60.489020	  308.372139	  308.357820
   148.5	2.025978	60.541111	60.525930	  206.940584	  207.018550
    37.0	0.695655	60.591668	60.589280	  295.638285	  295.617950
   181.1	2.479036	60.659354	60.700230	  249.826314	  249.766460
    15.3	0.503352	60.702774	60.705730	  256.403673	  256.397430
    14.5	0.480599	60.703562	60.700230	  249.771051	  249.766460
   136.9	1.865929	60.723905	60.692510	  295.147305	  295.103450
    29.9	0.967894	60.746401	60.740020	  256.184877	  256.173980
    28.1	0.883493	60.799002	60.795930	  256.038093	  256.023410
    27.9	0.378411	60.896566	60.890230	  249.347039	  249.356230
    37.9	1.188595	60.982145	60.980470	  255.557244	  255.535840
    77.6	1.045730	61.009870	60.993270	  246.055440	  246.027070
   106.2	1.419726	61.076696	61.056780	  198.630946	  198.585940
    71.8	0.953763	61.111977	61.095340	  198.318184	  198.295460
   210.9	2.859074	61.175201	61.189380	  245.480981	  245.363070
    93.0	1.251261	61.175201	61.152570	  245.480981	  245.506760
    60.0	1.110656	61.201068	61.189380	  245.387745	  245.363070
   270.5	4.938645	61.201068	61.152570	  245.387745	  245.506760
    16.6	0.304838	61.516352	61.515800	  246.009125	  245.999500
    22.5	0.542965	61.649620	61.654450	  165.850306	  165.841960
   147.4	1.983479	61.656936	61.696250	  245.706839	  245.730870
    46.3	0.844671	61.683723	61.696250	  245.724827	  245.730870
    28.5	0.681028	61.702761	61.694860	  245.949292	  245.949910
    60.9	1.122013	61.758859	61.771520	  265.730656	  265.706970
    89.2	1.217192	61.799838	61.822420	  245.815519	  245.837130
    11.5	0.155941	61.810957	61.808180	  246.492662	  246.495970
    73.9	0.907851	61.978824	61.964000	  180.089052	  180.058870
   103.9	1.399283	62.155756	62.179340	  210.566823	  210.531170
    17.1	0.234179	62.165813	62.161700	  268.924000	  268.918880
    43.1	1.045479	62.207513	62.213240	  209.785390	  209.762850
    17.6	0.327427	62.235289	62.237520	  210.834272	  210.824940
    32.7	0.599546	62.305791	62.314490	  209.897960	  209.892400
    11.2	0.269639	62.307429	62.309850	  250.281257	  250.285450
    76.6	1.047012	62.316954	62.317760	  271.422593	  271.376800
    80.0	1.863831	62.323708	62.314490	  209.935908	  209.892400
    65.1	0.888912	62.342530	62.325180	  249.898292	  249.909320
   181.6	2.461582	62.351016	62.304640	  210.146146	  210.188900
    33.9	0.784685	62.403460	62.409430	  217.832942	  217.817250
    37.8	0.505975	62.418231	62.409500	  217.160857	  217.173420
    54.8	0.744535	62.433073	62.436520	  269.091806	  269.059750
    51.3	0.692721	62.443062	62.455820	  271.784231	  271.770480
    54.0	0.727862	62.446649	62.435530	  249.339741	  249.318010
    33.0	0.751845	62.453928	62.444980	  188.560926	  188.565110
    90.9	1.199002	62.483884	62.458680	  170.491413	  170.494740
   100.5	1.365826	62.494536	62.522310	  273.399236	  273.405610
    50.1	1.145999	62.510518	62.521580	  209.971161	  209.952900
    48.7	0.833449	62.529670	62.534930	  170.222923	  170.249950
    53.0	1.239548	62.587314	62.602000	  187.983064	  187.985140
    39.0	0.733881	62.608088	62.611760	  268.974492	  268.952330
    23.0	0.763240	62.610638	62.607860	  123.105454	  123.117980
    35.5	0.474578	62.612287	62.602650	  248.928798	  248.933440
   103.7	1.400816	62.702279	62.673590	  210.284622	  210.289950
     9.8	0.217329	62.718401	62.715740	  187.419432	  187.418260
    36.6	0.496299	62.735385	62.741120	  273.802686	  273.784390
    24.9	0.464701	62.741798	62.748190	  280.225431	  280.231170
     3.5	0.065734	62.767621	62.766950	  217.712812	  217.714360
    56.7	1.055354	62.786464	62.778490	  222.533198	  222.562910
   111.6	1.526391	62.833212	62.824270	  269.007616	  268.942630
    13.2	0.396124	62.880868	62.883330	  188.136269	  188.130330
    68.7	0.928159	62.882355	62.863810	  272.807643	  272.817470
    55.9	1.031239	62.897560	62.886140	  221.654123	  221.677200
    33.8	0.970904	62.943988	62.935540	  123.662492	  123.653440
    13.8	0.451866	62.981607	62.978300	  189.410724	  189.415050
    30.1	0.404668	63.106178	63.111150	  222.412275	  222.427120
    56.3	1.826807	63.142263	63.127900	  215.709371	  215.695710
   147.9	1.985693	63.159835	63.135210	  223.061261	  222.988450
    34.9	1.122715	63.194955	63.186470	  189.234062	  189.244450
    59.2	0.805595	63.196387	63.180660	  221.287299	  221.276570
    44.2	1.435270	63.198595	63.189890	  216.338316	  216.357500
   100.0	1.354617	63.214862	63.239350	  264.477601	  264.506650
   116.7	1.572500	63.229604	63.235840	  279.865909	  279.795290
    20.4	0.274374	63.233023	63.235660	  268.974299	  268.985410
    55.6	0.669228	63.266093	63.281370	  189.312909	  189.318050
    45.9	1.343236	63.313148	63.300500	  106.114935	  106.111450
    12.4	0.201373	63.352457	63.350660	  279.566001	  279.559450
    32.3	0.778147	63.492169	63.489520	  221.530552	  221.511340
    64.1	0.871533	63.495316	63.477790	  269.374132	  269.367000
   176.3	2.391755	63.526270	63.494190	  270.310068	  270.227080
    24.2	0.771655	63.560719	63.556380	  106.360242	  106.371780
   185.6	2.509417	63.584250	63.538810	  220.582790	  220.528150
    71.8	0.978882	63.587239	63.594300	  269.870086	  269.828120
   168.0	2.293835	63.592708	63.587430	  265.336439	  265.440670
   132.8	2.491140	63.602911	63.587430	  265.515975	  265.440670
    10.4	0.341796	63.604238	63.601420	  221.142091	  221.140590
   120.8	2.261990	63.605546	63.613930	  195.520851	  195.447750
    20.3	0.663235	63.605920	63.610570	  219.200479	  219.193330
   177.5	2.354703	63.609261	63.585280	  268.865558	  268.768680
   122.1	1.646285	63.621093	63.604330	  274.470997	  274.537350
    54.6	1.316056	63.623220	63.613930	  195.420733	  195.447750
    63.3	1.519225	63.711539	63.694130	  265.873597	  265.868010
    69.1	0.942917	63.722043	63.740560	  272.505858	  272.517360
    48.3	0.651165	63.728493	63.740250	  252.681529	  252.666900
   175.3	2.356824	63.755102	63.706800	  221.040047	  221.026310
    77.7	1.016692	63.775618	63.758190	  208.344482	  208.315630
     5.5	0.074478	63.776348	63.775640	  277.586269	  277.589320
    54.6	0.741680	63.818522	63.816510	  265.951850	  265.985900
    38.9	0.656491	63.823129	63.817430	  233.795709	  233.816540
    65.7	0.898915	63.826434	63.844390	  269.703536	  269.696140
   151.4	1.999777	63.841280	63.830930	  276.047739	  276.140200
    64.0	0.872170	63.845983	63.830220	  274.506846	  274.525540
    23.2	0.766292	63.852303	63.852490	  265.588128	  265.573490
    80.9	1.889987	63.871459	63.865020	  210.312432	  210.263530
    50.9	0.955345	63.885548	63.876820	  269.264863	  269.290100
   271.7	4.749963	63.885548	63.820490	  269.264863	  269.178040
   107.3	1.370359	63.891509	63.869030	  233.108341	  233.152760
     9.8	0.320744	63.911059	63.910360	  233.451365	  233.457380
    55.8	0.739356	63.917645	63.924160	  219.741573	  219.709560
   186.5	2.531153	63.924505	63.947070	  275.051157	  274.945040
    61.2	1.214031	64.040500	64.025900	  182.109616	  182.089770
    52.5	0.708570	64.048245	64.033820	  278.104953	  278.100130
    97.9	1.818143	64.050099	64.058920	  277.115881	  277.057100
    90.9	1.237567	64.078098	64.053080	  275.573640	  275.565640
   157.3	2.136420	64.100413	64.144080	  261.853219	  261.849550
    27.8	0.518267	64.103701	64.100990	  263.752524	  263.769100
    29.6	0.554249	64.159426	64.155820	  277.348470	  277.331540
    75.6	1.035127	64.163255	64.142600	  269.810651	  269.801850
    50.2	0.946068	64.169502	64.158570	  269.524658	  269.504790
    27.2	0.883436	64.173785	64.180220	  182.068178	  182.059070
    87.2	1.175679	64.182040	64.176690	  278.857864	  278.803620
    20.8	0.668708	64.244632	64.239010	  187.887514	  187.884480
   153.1	2.060773	64.271538	64.237940	  262.318417	  262.258420
    11.7	0.388596	64.348537	64.345890	  275.491322	  275.487000
    43.6	1.042654	64.364548	64.375440	  211.113581	  211.101390
    59.7	1.114508	64.391228	64.375440	  211.113223	  211.101390
    23.2	0.565081	64.403297	64.396860	  273.473986	  273.473450
    43.5	0.783841	64.420393	64.410500	  198.760480	  198.744400
   126.1	1.712469	64.445305	64.458310	  266.679777	  266.755190
    54.2	0.730498	64.445487	64.454790	  275.160860	  275.133390
    51.4	0.701975	64.480057	64.486240	  271.166277	  271.136380
    19.0	0.438031	64.498319	64.502550	  211.524736	  211.532060
   166.2	2.242533	64.512077	64.478810	  273.987355	  274.061710
   169.1	2.282664	64.575435	64.617530	  274.171506	  274.122890
    22.7	0.736853	64.580258	64.576870	  198.615094	  198.602680
   176.9	2.413249	64.646630	64.637850	  277.991876	  278.104740
   125.2	1.676111	64.651920	64.672780	  265.914350	  265.849300
    71.6	0.979370	64.667947	64.648360	  269.188146	  269.180080
    56.7	0.774694	64.668544	64.683190	  268.252538	  268.239010
   259.7	3.515582	64.668544	64.646030	  268.252538	  268.412630
    84.4	1.137156	64.673561	64.654680	  274.585895	  274.553380
    85.8	1.550577	64.687434	64.672780	  265.893256	  265.849300
    63.0	0.853741	64.710802	64.716380	  265.123127	  265.084260
    95.8	1.300161	64.826003	64.829260	  278.192494	  278.130370
    26.7	0.889852	64.841522	64.838150	  276.278395	  276.293950
   112.1	1.512305	64.846734	64.819600	  265.619906	  265.655820
    89.0	1.648952	64.852050	64.829260	  278.107799	  278.130370
   140.2	1.869435	64.867648	64.867160	  268.618926	  268.527220
    54.6	0.744423	64.870885	64.855710	  266.479987	  266.480290
    43.3	0.588979	64.875286	64.885800	  275.566565	  275.552800
   135.9	1.839295	64.883338	64.869740	  264.301542	  264.384460
    98.3	1.310255	64.892735	64.867160	  268.549722	  268.527220
    46.2	0.629407	64.990556	64.989980	  268.014873	  267.984530
    46.7	0.638718	64.994462	65.002000	  265.007152	  264.982180
    28.3	0.936148	65.015754	65.022000	  129.811246	  129.799930
   127.7	1.738802	65.024340	64.989980	  268.005414	  267.984530
   159.8	2.156179	65.040730	65.029790	  263.128807	  263.026860
    41.1	1.001785	65.042408	65.041530	  264.087663	  264.060670
   123.5	1.652969	65.050539	65.072440	   67.658651	   67.721310
    51.1	0.698247	65.082932	65.074810	  274.230185	  274.202550
   112.3	1.526867	65.100192	65.113020	  262.578789	  262.511260
    57.4	1.079605	65.126573	65.117710	  272.872902	  272.904420
    45.7	0.618137	65.127561	65.123100	  273.854082	  273.825840
    38.2	0.520730	65.138600	65.129240	  265.297025	  265.308960
    60.5	0.826866	65.150569	65.159110	  264.486487	  264.520940
    61.5	0.835186	65.155716	65.155030	  273.358452	  273.399050
    20.5	0.386788	65.157629	65.156810	  276.182289	  276.195710
   102.6	1.396671	65.158213	65.133240	  270.534572	  270.501920
    36.1	0.679957	65.182490	65.176330	  274.986230	  274.967350
    19.3	0.362725	65.188298	65.193170	  277.930104	  277.935460
    33.9	0.447180	65.215941	65.223300	  114.080013	  114.094030
   106.5	1.451504	65.289563	65.303760	  274.754850	  274.692720
   188.8	2.550344	65.313685	65.355520	  194.703133	  194.627320
   148.3	2.030424	65.343336	65.321620	  274.998845	  275.082730
    51.8	1.262890	65.344642	65.330910	  268.784610	  268.774260
    43.6	1.345174	65.366965	65.355520	  194.617725	  194.627320
     7.5	0.140684	65.444922	65.446000	  278.765672	  278.769960
    40.2	0.544980	65.504335	65.496700	  262.275439	  262.255830
    98.7	1.327381	65.508520	65.490980	  194.273940	  194.223110
    27.6	0.375045	65.511904	65.509170	  273.587123	  273.604400
   101.0	1.362617	65.538167	65.558050	  256.828996	  256.876860
    20.7	0.678419	65.568916	65.566380	   75.763915	   75.776390
    89.6	1.225131	65.570278	65.556610	  263.276468	  263.226200
    52.3	0.687881	65.580134	65.570910	  256.526187	  256.499020
    19.9	0.618007	65.587254	65.591280	  114.097590	  114.106800
    27.7	0.612174	65.614082	65.609940	  175.385231	  175.369490
    45.3	0.620368	65.627097	65.638980	  273.435085	  273.445160
    74.3	1.010444	65.631146	65.611670	  271.206727	  271.190120
    21.6	0.401812	65.635543	65.630050	  271.709982	  271.715790
   190.7	2.596880	65.653927	65.645690	  270.343935	  270.470830
    30.1	0.546579	65.664854	65.664610	  114.270977	  114.250700
    12.4	0.400642	65.676948	65.675260	  113.797427	  113.790100
    68.0	0.929619	65.718114	65.709850	  277.965337	  278.006650
    31.1	1.034668	65.719460	65.720260	  243.508638	  243.487730
    55.9	0.763693	65.768799	65.783940	  273.281007	  273.289280
    78.9	1.031417	65.777855	65.792820	  325.740058	  325.701020
    24.5	0.333017	65.789789	65.790510	  277.065008	  277.081510
    15.0	0.491455	65.801446	65.798030	  174.998335	  174.992540
   113.5	2.138519	65.808111	65.808050	  270.901273	  270.978240
    14.6	0.199401	65.808411	65.808050	  270.988077	  270.978240
    18.2	0.553659	65.849485	65.854010	  127.744812	  127.739290
    42.2	1.307450	65.849485	65.838010	  127.744812	  127.750780
   173.5	2.365894	65.859329	65.822370	  276.737440	  276.812990
   117.9	1.564189	65.902611	65.935350	  270.311379	  270.313350
    48.6	0.889511	65.906807	65.919490	  174.280064	  174.291490
    57.9	1.087847	65.995609	65.991540	  275.386557	  275.348330
   176.6	2.395883	66.004505	66.027570	  271.224847	  271.331360
     8.7	0.111070	66.009510	66.007120	  274.096731	  274.097410
    49.8	0.678630	66.028935	66.017840	  264.291311	  264.271030
    27.0	0.831962	66.037415	66.041400	  127.180395	  127.164790
    34.3	0.463729	66.049353	66.049690	  260.945187	  260.968630
    49.3	0.675269	66.082815	66.094580	  270.697948	  270.715270
    50.3	1.087470	66.106674	66.096540	  325.712872	  325.736570
    46.8	0.881953	66.113198	66.112560	  265.793096	  265.761020
    58.1	1.414548	66.124905	66.112560	  265.735293	  265.761020
    50.9	0.958471	66.199359	66.193470	  274.705231	  274.737060
    51.2	0.700619	66.229502	66.231620	  268.489560	  268.524440
    65.5	1.480172	66.264384	66.249390	  235.263219	  235.288850
    57.3	1.050886	66.298795	66.284490	   75.405182	   75.422490
    18.8	0.349606	66.342369	66.342420	  275.123305	  275.136320
   156.0	2.468605	66.342369	66.303830	  275.123305	  275.073940
    21.6	0.520240	66.346255	66.343790	   73.501444	   73.515070
    79.9	1.089595	66.361021	66.342090	  272.401649	  272.372710
   232.8	3.126970	66.361021	66.327810	  272.401649	  272.539920
    18.2	0.245797	66.366746	66.364040	  187.573797	  187.584460
   296.5	3.937518	66.366746	66.329020	  187.573797	  187.391300
    98.7	1.350773	66.397366	66.420800	  268.198162	  268.233730
    35.9	0.673904	66.409357	66.399600	  270.310358	  270.315670
   273.5	5.076604	66.409357	66.375190	  270.310358	  270.479770
    88.2	1.592020	66.416328	66.436800	  234.214701	  234.181020
    78.7	1.066311	66.424150	66.407570	  270.785828	  270.750180
   106.9	2.274026	66.434270	66.458910	  123.762728	  123.804260
    28.5	0.871773	66.434270	66.427090	  123.762728	  123.754400
    30.3	0.710563	66.461404	66.464690	  235.881054	  235.900480
    73.0	0.982222	66.461789	66.446700	  240.622358	  240.656270
    66.7	0.913249	66.468328	66.486850	  269.934653	  269.936400
   287.8	3.920080	66.468328	66.417310	  269.934653	  270.088620
    45.4	0.620505	66.468983	66.481180	  273.446092	  273.438080
   227.6	3.102886	66.484564	66.522560	  270.435339	  270.308560
   130.2	1.776673	66.484564	66.483510	  270.435339	  270.525940
   131.2	1.753416	66.488082	66.522030	  277.705396	  277.672120
    69.4	0.937393	66.514277	66.528360	  269.297417	  269.330510
   133.5	1.801895	66.554495	66.528360	  269.396596	  269.330510
    25.7	0.573443	66.585001	66.588800	  189.262419	  189.277630
    13.1	0.179603	66.592305	66.592280	  271.822616	  271.831790
    17.2	0.235418	66.621351	66.617070	  261.236955	  261.231540
    74.9	0.996185	66.622033	66.601300	  240.708902	  240.704800
    87.5	1.184340	66.625223	66.646440	  268.843015	  268.813140
   198.9	2.705310	66.625223	66.570330	  268.843015	  268.827300
    53.8	0.735738	66.651656	66.650490	  271.394411	  271.356810
    36.6	0.892115	66.653483	66.644300	  270.456154	  270.445160
    75.0	1.016856	66.710058	66.722480	  272.538049	  272.580350
    77.3	1.056109	66.710942	66.723370	  261.639933	  261.684200
    54.1	0.657117	66.737126	66.732600	   73.557695	   73.594000
   190.5	2.567328	66.746552	66.799390	  252.964844	  252.957240
    47.8	0.644713	66.746552	66.736190	  252.964844	  252.985870
    25.0	0.832766	66.798913	66.803180	  240.435379	  240.421450
    78.0	1.048018	66.839564	66.817950	  253.796562	  253.800250
    34.9	1.133942	66.859974	66.858740	  150.527706	  150.503230
   189.8	2.599496	66.860314	66.901470	  270.423865	  270.339940
   293.8	4.008600	66.860314	66.842240	  270.423865	  270.626340
    71.1	0.967324	66.893859	66.887030	  279.924898	  279.877660
    82.0	1.116935	66.906726	66.889280	  280.808163	  280.845520
   170.9	1.951644	66.906726	66.869090	  280.808163	  280.734470
   116.7	1.592256	66.941300	66.909510	  275.499698	  275.483430
    10.4	0.139514	66.955923	66.953700	  261.021825	  261.026550
    48.1	0.653004	66.967204	66.970120	  273.787249	  273.820590
    58.1	0.779616	66.997253	67.009920	  264.161881	  264.136260
    79.7	1.076724	67.027192	67.016690	  262.366580	  262.416500
    71.7	0.979474	67.053300	67.035120	  266.823368	  266.844270
   234.2	3.177919	67.053300	67.009090	  266.823368	  266.945620
    15.1	0.487419	67.053756	67.056230	  149.616870	  149.625530
    70.2	0.948466	67.072694	67.056080	  150.848443	  150.874600
    58.1	1.065573	67.115967	67.106430	  227.696501	  227.729950
   252.6	4.621384	67.115967	67.047910	  227.696501	  227.652730
   139.9	1.911833	67.137328	67.113640	  276.578496	  276.657710
    79.4	1.083520	67.143353	67.128690	  273.484517	  273.442080
   284.0	3.838804	67.148014	67.204550	  278.377449	  278.235660
   181.9	2.478840	67.148014	67.169550	  278.377449	  278.495210
   202.0	2.736241	67.168300	67.194650	  275.311560	  275.439330
    66.2	0.899962	67.168300	67.186180	  275.311560	  275.322660
    10.2	0.254223	67.170658	67.167960	  150.781575	  150.783740
    26.8	0.650603	67.183777	67.180650	  264.953743	  264.936340
   179.1	2.339895	67.200610	67.243730	  267.916643	  267.980680
   256.8	3.241286	67.200610	67.195940	  267.916643	  267.733000
   239.3	3.261657	67.200610	67.168830	  267.916643	  267.766080
    47.9	1.153265	67.276264	67.276250	  186.774842	  186.740430
    30.0	0.395824	67.283647	67.285180	  227.143474	  227.164700
   126.9	1.720056	67.319349	67.335820	  270.528921	  270.448030
   248.9	3.377962	67.338797	67.378040	  279.082553	  279.230440
   117.9	1.608107	67.338797	67.318680	  279.082553	  279.149570
   116.9	1.595705	67.358842	67.328410	  275.947929	  275.977290
   167.7	2.272468	67.386626	67.405630	  271.207102	  271.096470
   222.2	3.002984	67.386626	67.328040	  271.207102	  271.257600
   187.2	2.536936	67.398811	67.419000	  263.693352	  263.568630
     7.4	0.175954	67.398853	67.398280	  288.155047	  288.149930
   174.2	2.373049	67.426854	67.464250	  270.776906	  270.696840
    31.5	0.428480	67.455523	67.464250	  270.695733	  270.696840
   169.2	2.313818	67.463196	67.436350	  269.720147	  269.619540
    43.8	0.816982	67.501734	67.489590	  271.065593	  271.067170
   185.1	2.475103	67.524942	67.551130	  262.160749	  262.276550
    66.8	0.909973	67.524942	67.542900	  262.160749	  262.148530
    51.1	0.690328	67.527727	67.520550	  279.854760	  279.886810
   136.2	1.842756	67.535757	67.572570	  270.043135	  270.066130
    60.0	1.114617	67.551393	67.542240	  288.615928	  288.652440
    67.1	1.257243	67.586763	67.581450	  270.387271	  270.340390
    66.2	0.906003	67.616278	67.598290	  272.180661	  272.170530
   101.6	1.386497	67.623510	67.644830	  268.238577	  268.190030
    18.5	0.615865	67.623990	67.622510	  266.528419	  266.541350
    58.2	0.788710	67.626086	67.613070	  213.006995	  212.981860
    89.3	1.220837	67.635509	67.657060	  269.893915	  269.926210
   126.3	1.714172	67.635509	67.608340	  269.893915	  269.835660
   224.5	3.061423	67.635509	67.643830	  269.893915	  270.056400
    56.5	0.759236	67.635699	67.629160	  271.272485	  271.309940
    39.9	0.539462	67.639769	67.647410	  206.265595	  206.244510
    30.0	0.997939	67.643162	67.635270	  270.875071	  270.868130
   156.3	2.137035	67.660202	67.657060	  270.040139	  269.926210
    63.0	0.858991	67.660202	67.643830	  270.040139	  270.056400
     7.5	0.138975	67.684783	67.684210	  289.129421	  289.124180
    20.5	0.645292	67.689005	67.692930	  287.630813	  287.619930
   280.4	3.835086	67.692311	67.731210	  227.085697	  226.907810
    94.7	1.757239	67.692311	67.713510	  227.085697	  227.126720
    10.1	0.246546	67.693664	67.690880	  274.620778	  274.621800
    60.0	1.128439	67.737884	67.722090	  269.568955	  269.554990
    33.7	0.458797	67.751036	67.743180	  272.216063	  272.202610
   129.1	1.757696	67.808628	67.787340	  279.303966	  279.227600
    22.3	0.302499	67.813966	67.808560	  263.005695	  263.013730
   260.1	3.467237	67.826685	67.893890	  261.991091	  262.061430
    69.2	0.937306	67.826685	67.813140	  261.991091	  261.954990
   133.9	2.471496	67.829355	67.857990	  277.395937	  277.333040
    60.8	1.141722	67.829355	67.819180	  277.395937	  277.431610
    91.7	1.386533	67.831030	67.838950	  287.599634	  287.535490
    18.2	0.536520	67.859013	67.854760	   56.827545	   56.834860
    56.4	0.764755	67.864881	67.877670	  268.917845	  268.941830
     5.8	0.140164	67.901703	67.903290	  271.055475	  271.056090
    44.1	1.038888	67.915800	67.903580	  288.588077	  288.585600
    44.3	0.595198	67.930569	67.924940	  269.181729	  269.210820
    72.1	0.975021	67.973916	67.981710	  279.848981	  279.799800
    68.1	0.927755	68.020674	68.003680	  265.651464	  265.673610
    49.3	0.901438	68.031338	68.021210	  221.949860	  221.974530
   116.1	1.543606	68.067819	68.050520	  264.162415	  264.089540
    31.3	0.754389	68.068699	68.060200	  268.677098	  268.672360
   261.0	6.895729	68.082473	68.091830	   56.501780	   56.694430
    25.5	0.782404	68.082473	68.081480	   56.501780	   56.482970
   232.4	6.917998	68.082473	68.051960	   56.501780	   56.349440
    33.7	0.810347	68.092021	68.085370	  223.513675	  223.496030
    94.2	2.216215	68.096368	68.082260	  156.142366	  156.083330
    40.6	0.863849	68.099517	68.091830	   56.716595	   56.694430
   142.1	2.680583	68.124788	68.162710	  273.870134	  273.840790
    61.5	1.156956	68.124788	68.108880	  273.870134	  273.853450
    79.8	1.092886	68.131705	68.118970	  269.009680	  269.058410
     3.6	0.111667	68.158451	68.159020	  315.415979	  315.418210
    30.0	0.398983	68.181120	68.174190	  223.703903	  223.691500
   132.4	1.811087	68.370129	68.341610	  264.176352	  264.113430
   192.5	2.591146	68.400509	68.442800	  272.732785	  272.643830
    64.5	1.210974	68.425007	68.407090	  274.445302	  274.443450
    40.8	0.737513	68.425901	68.414650	  222.615096	  222.611240
   150.9	2.001192	68.468979	68.431100	  157.561138	  157.609950
   150.0	2.039631	68.529914	68.492770	  269.701460	  269.649900
    18.3	0.247217	68.571162	68.574030	  263.338590	  263.327120
     5.3	0.107888	68.584731	68.586090	  156.007160	  156.005620
     7.0	0.131796	68.596385	68.596570	  270.035566	  270.040860
     1.5	0.051509	68.607179	68.607400	  266.752411	  266.751400
    42.3	0.572650	68.616641	68.628370	  275.542554	  275.541200
    51.7	0.968121	68.626229	68.612660	  278.116660	  278.129550
    54.9	0.749175	68.630618	68.623990	  272.483096	  272.445400
    35.5	0.486301	68.680408	68.689650	  269.382467	  269.392000
    17.0	0.412996	68.698490	68.703150	  267.163500	  267.161380
   176.2	2.380184	68.762223	68.718240	  261.069909	  261.010680
    25.1	0.837146	68.762939	68.756240	  264.234498	  264.239930
   124.5	1.664577	68.777920	68.754410	  263.644792	  263.714840
    30.5	0.703026	68.781581	68.776640	  150.736825	  150.755810
    14.3	0.345856	68.805972	68.802030	  278.145588	  278.146760
    51.8	0.975373	68.831019	68.823140	  269.231402	  269.264740
    31.2	0.415811	68.837134	68.829120	  266.592242	  266.583130
    45.3	0.827271	68.936357	68.923790	  288.621399	  288.619480
    59.0	1.070415	68.967053	68.952560	  264.130685	  264.109380
    50.1	1.621222	68.971383	68.963070	  111.658351	  111.627240
    80.2	1.697275	68.977321	68.992070	  150.590803	  150.637310
   154.8	2.013433	69.039240	69.040360	  264.625647	  264.505490
    55.0	1.332998	69.048334	69.051910	  279.815647	  279.857150
    12.0	0.389396	69.065019	69.063810	  149.458828	  149.467560
    11.8	0.392171	69.067303	69.064030	  148.886638	  148.886260
    20.4	0.611003	69.069577	69.063940	  287.083218	  287.084930
     7.7	0.254398	69.091810	69.092400	  185.178855	  185.184620
    73.7	1.004188	69.093921	69.084720	  277.440309	  277.389040
    73.1	0.990639	69.096525	69.109620	  269.536505	  269.580050
   131.2	1.735670	69.096525	69.103430	  269.536505	  269.436220
    53.6	1.125878	69.118516	69.103850	  286.407998	  286.400790
   178.9	2.444076	69.143489	69.097700	  276.391429	  276.445680
    10.3	0.337474	69.147931	69.146030	  286.780685	  286.774720
    26.8	0.496236	69.215558	69.222840	  270.115185	  270.119570
    10.9	0.201767	69.227081	69.229810	  277.264282	  277.267910
   103.1	1.400855	69.235844	69.229810	  277.188943	  277.267910
   190.1	2.563898	69.237853	69.209530	  269.380038	  269.254360
    61.5	1.141402	69.239912	69.230990	  288.205619	  288.164520
   130.0	1.762962	69.241034	69.222840	  270.207547	  270.119570
    23.7	0.757189	69.254382	69.257130	  184.357828	  184.374760
    60.4	0.795976	69.258816	69.250000	  182.977321	  183.017650
    49.3	0.927226	69.311568	69.305230	  266.392737	  266.358400
    21.6	0.720103	69.312810	69.308830	  208.282128	  208.269390
    57.3	0.983166	69.392743	69.389480	  190.672488	  190.628200
   134.4	1.821866	69.424409	69.461370	  231.976360	  231.961330
    57.3	0.778662	69.455310	69.439610	  263.031560	  263.024200
   122.1	2.248874	69.503065	69.536880	  231.818652	  231.826580
   234.4	4.335579	69.503065	69.461370	  231.818652	  231.961330
   289.4	5.460725	69.575484	69.626360	  269.511902	  269.690490
    41.1	0.772874	69.575484	69.573380	  269.511902	  269.479740
    65.9	1.239787	69.584928	69.573380	  269.438984	  269.479740
    54.0	0.734317	69.603251	69.608330	  265.602539	  265.562040
    10.0	0.134879	69.643623	69.642440	  233.188101	  233.180920
   137.1	1.843660	69.653422	69.635250	  270.630965	  270.534760
   150.1	2.046796	69.660239	69.642190	  270.144886	  270.036800
    10.7	0.143329	69.661945	69.661260	  273.575823	  273.567500
    70.3	1.156882	69.662560	69.680740	  191.554217	  191.574830
    74.2	0.983891	69.664455	69.654110	  148.200255	  148.148970
    15.1	0.500448	69.670196	69.666290	  293.080543	  293.084930
   186.0	2.359212	69.680163	69.680740	  191.426038	  191.574830
    17.6	0.578100	69.681889	69.677410	  148.968007	  148.962430
    18.7	0.620760	69.683864	69.679720	  272.467805	  272.476780
   288.2	3.941050	69.689688	69.751410	  271.520241	  271.373110
    55.6	0.759193	69.689688	69.674360	  271.520241	  271.514770
    80.3	1.483050	69.725529	69.730540	  199.485254	  199.547960
    16.4	0.375213	69.769743	69.773700	  183.924052	  183.930600
    92.8	1.268575	69.809375	69.808970	  268.608061	  268.533360
   136.8	1.841499	69.813301	69.791880	  267.532674	  267.623570
    76.2	1.004904	69.819093	69.831090	  232.490464	  232.439940
    13.7	0.454821	69.824092	69.823300	  271.719723	  271.708950
    15.6	0.519976	69.831728	69.830460	  143.631421	  143.619380
    23.7	0.319949	69.905765	69.899460	  272.208074	  272.213530
    66.1	0.889252	69.920286	69.938590	  293.433832	  293.438350
    92.7	1.242237	69.920670	69.945120	  174.733543	  174.709880
    22.1	0.300693	69.924500	69.930500	  262.852423	  262.848510
    38.2	1.092516	69.940664	69.942610	  232.044385	  232.013990
    60.6	0.822259	69.948900	69.949820	  266.388784	  266.339750
   117.7	1.454938	69.975335	69.951530	  174.242209	  174.176770
   171.9	2.190509	69.989988	69.957630	  173.136383	  173.033860
   101.7	1.380855	69.996412	69.977340	  266.775054	  266.714170
    24.8	0.335383	70.001947	70.003810	  272.053634	  272.073000
    83.5	2.477365	70.073664	70.059360	  200.046713	  199.993150
    22.2	0.536432	70.087381	70.087480	  190.898029	  190.916140
    49.8	0.680608	70.094180	70.105940	  271.339800	  271.318360
     5.4	0.180129	70.096290	70.097560	  267.134759	  267.137150
    31.3	0.426460	70.097590	70.097950	  265.009868	  264.984380
   136.7	1.838734	70.114740	70.144690	  267.290777	  267.359470
   198.1	2.711386	70.114740	70.097560	  267.290777	  267.137150
    20.2	0.671857	70.153236	70.158750	  174.113349	  174.110440
    89.5	1.222271	70.273466	70.257820	  266.066293	  266.009120
    15.6	0.292081	70.273789	70.269740	  267.074708	  267.079190
    39.0	0.732777	70.277998	70.267210	  272.705894	  272.703400
    37.3	0.890894	70.285483	70.280130	  268.508716	  268.482420
   229.7	3.070840	70.371754	70.397780	  282.548282	  282.374760
    92.5	1.212524	70.371754	70.346070	  282.548282	  282.546880
    79.3	1.071707	70.433535	70.452980	  266.089153	  266.058200
   196.8	2.664421	70.433535	70.445840	  266.089153	  266.248230
    43.1	0.581437	70.488050	70.498160	  282.756956	  282.737790
    52.3	1.252977	70.518804	70.526070	  248.658929	  248.621220
    23.3	0.775277	70.558094	70.561020	  269.286354	  269.303680
    20.2	0.657589	70.567269	70.563970	  322.177762	  322.164150
    20.9	0.280849	70.623938	70.629630	  323.219556	  323.222930
    59.1	0.802863	70.680331	70.670140	  249.700460	  249.661590
    71.7	0.977396	70.715977	70.698460	  284.865383	  284.894130
    21.5	0.715580	70.763966	70.760320	  267.589950	  267.604310
    37.6	0.701249	70.783697	70.788160	  322.975965	  322.947270
   190.5	2.500704	70.797988	70.751490	  285.320642	  285.397400
    12.1	0.292940	70.905504	70.904870	  111.393945	  111.383830
   160.5	2.185509	70.948054	70.941540	  257.492782	  257.357700
   218.4	6.786072	70.950390	71.005140	  257.338840	  257.258580
    38.8	1.250461	70.950390	70.941540	  257.338840	  257.357700
    51.8	0.934556	70.953599	70.959500	  256.075599	  256.115780
    48.9	0.887669	70.966149	70.958850	  278.570029	  278.534910
     8.8	0.210089	70.966826	70.964830	  191.535868	  191.531490
   151.8	2.055755	70.970230	70.978720	  258.046785	  258.173460
    24.6	0.576208	71.000043	71.005140	  257.244646	  257.258580
   248.9	5.960188	71.000043	70.941540	  257.244646	  257.357700
    63.5	0.865332	71.002994	70.988920	  109.709498	  109.742160
    11.1	0.346247	71.038815	71.035750	   93.913822	   93.914630
    22.2	0.723880	71.130299	71.128210	  258.127685	  258.145600
    87.8	1.761173	71.130643	71.125270	  171.917483	  171.843900
    38.4	0.914622	71.139555	71.144780	  177.785482	  177.756740
    39.7	0.734423	71.162053	71.151390	  110.205871	  110.214530
    56.9	1.023155	71.188905	71.187640	  231.627824	  231.676700
    67.3	2.131360	71.189423	71.184110	  257.840171	  257.895720
    77.3	1.774005	71.206710	71.186010	  204.170177	  204.188030
    24.3	0.589512	71.245852	71.246940	  199.431485	  199.410780
   152.7	2.066308	71.295704	71.324930	  191.508206	  191.604140
    16.2	0.383090	71.300784	71.304470	  213.486632	  213.494740
    54.4	0.995534	71.345762	71.347970	  256.139991	  256.186740
    23.6	0.776815	71.347749	71.342070	  110.461739	  110.472060
   132.6	2.284901	71.407601	71.418140	  176.987039	  177.097790
    19.2	0.355212	71.418392	71.414580	  257.331514	  257.343200
   138.3	1.802176	71.452043	71.418140	  177.154541	  177.097790
    40.4	0.754912	71.540822	71.552020	  176.846167	  176.848920
    53.6	1.003668	71.575008	71.580350	  179.945121	  179.901170
    27.4	0.666881	71.630976	71.638160	  256.191025	  256.199040
    40.2	0.716039	71.662286	71.651520	  256.639705	  256.648960
    14.9	0.481849	71.667842	71.671050	  224.773102	  224.781400
    36.9	0.889053	71.674934	71.667230	  178.960322	  178.938780
     5.6	0.186627	71.688631	71.690180	  175.910778	  175.910130
    40.7	0.520581	71.736605	71.740210	  179.499010	  179.533190
    30.5	0.561906	71.740222	71.731750	  231.846470	  231.846440
   105.9	1.446228	71.754428	71.754730	  237.936193	  237.842240
    70.1	0.949207	71.770280	71.782570	  201.935937	  201.887600
    83.2	1.537811	71.778877	71.758700	  228.042021	  228.005980
    31.3	0.581273	71.811678	71.817600	  230.255036	  230.275440
    26.4	0.485186	71.827881	71.820550	  231.219111	  231.220670
   292.1	3.950918	71.860422	71.928050	  178.359960	  178.504300
   180.0	2.434280	71.860422	71.877040	  178.359960	  178.208440
   261.6	3.546279	71.860422	71.842070	  178.359960	  178.585720
   185.9	2.525407	71.864508	71.817600	  230.344790	  230.275440
    19.6	0.340797	71.894506	71.890500	  211.718985	  211.707110
   180.1	2.428363	71.953299	71.999680	  225.193218	  225.132550
    35.8	0.833275	72.010434	72.008930	  228.114501	  228.082630
     6.7	0.091134	72.027880	72.026070	  237.437827	  237.436290
    12.5	0.222771	72.174543	72.171090	  150.469876	  150.470610
    20.6	0.497057	72.207021	72.210060	  237.718266	  237.702360
    93.1	2.198320	72.273460	72.260410	  190.715213	  190.641950
     4.1	0.073443	72.300956	72.301970	   32.814184	   32.812480
   111.8	1.489378	72.319108	72.301970	   32.727242	   32.812480
    38.6	1.216930	72.349415	72.360020	  212.035749	  212.030270
    41.4	0.750757	72.418018	72.413840	  211.129924	  211.094440
    67.1	1.743349	72.422405	72.436240	  165.467900	  165.426530
   147.8	2.387404	72.469533	72.461450	  197.655155	  197.788730
    18.2	0.606604	72.555800	72.552260	  183.937925	  183.925860
    38.3	1.197999	72.567301	72.567070	  166.717357	  166.681880
    26.4	0.629068	72.605766	72.609910	  275.393938	  275.373750
    30.9	0.514656	72.607098	72.611740	  119.138466	  119.162670
    40.1	0.903902	72.694506	72.687950	  199.045962	  199.076200
     8.6	0.207645	72.729817	72.729300	  275.269995	  275.262180
    17.8	0.569848	72.779090	72.775360	  165.639381	  165.650280
    10.2	0.321912	72.910488	72.911430	    0.621837	    0.612700
    23.7	0.773874	72.987783	72.987630	  198.413048	  198.390590
    80.2	1.069664	73.020392	73.039210	  125.320950	  125.361780
   144.4	1.896662	73.091958	73.095140	  244.575201	  244.712660
    18.0	0.239408	73.102738	73.105720	  245.583893	  245.570080
   219.2	2.922906	73.102738	73.080600	  245.583893	  245.778880
    24.4	0.775237	73.107675	73.109180	  126.329589	  126.306870
    20.8	0.377595	73.139183	73.137960	  127.036139	  127.055630
    25.8	0.848028	73.186414	73.179400	  329.829800	  329.824740
     7.2	0.237470	73.249981	73.248090	  185.555247	  185.553090
   169.1	2.278899	73.271071	73.227760	  244.967420	  245.030590
    26.4	0.851808	73.332716	73.330060	  109.126239	  109.102400
    65.7	0.873585	73.454834	73.451930	  109.539119	  109.475810
    57.3	1.049928	73.545986	73.530190	  321.692308	  321.685460
   153.8	2.081185	73.552912	73.585950	  109.341363	  109.437170
    63.6	1.119086	73.652192	73.667090	  321.561692	  321.595460
    24.3	0.770202	73.821238	73.825990	   34.362222	   34.379450
    54.9	0.734773	73.857467	73.870010	   33.660069	   33.628850
    20.6	0.276474	74.132380	74.129760	  225.083662	  225.102250
   154.5	2.067305	74.192206	74.207400	  224.558770	  224.411390
     1.0	0.018941	74.207210	74.206940	  279.456386	  279.456700
    71.7	1.295058	74.226953	74.207400	  224.425205	  224.411390
    29.6	0.909628	74.238134	74.245700	  115.448153	  115.436260
     9.3	0.184330	74.295263	74.295900	  123.261183	  123.251910
    22.1	0.730834	74.571699	74.565630	  116.026459	  116.023100
   155.3	2.052325	74.624756	74.653460	  124.812577	  124.934210
    42.2	1.112804	74.670328	74.667250	  125.558555	  125.515810
    18.1	0.336351	74.720337	74.723850	  114.534006	  114.520340
    67.2	1.156950	74.760471	74.752860	  276.234094	  276.298920
   197.4	3.386573	74.760471	74.710150	  276.234094	  276.151250
    83.0	1.509267	74.766581	74.764500	  122.529676	  122.617100
    22.7	0.734240	74.781068	74.787360	  142.021168	  142.019210
   129.5	2.352988	74.793404	74.764500	  122.698593	  122.617100
    29.0	0.950327	74.854721	74.862790	  138.394047	  138.393940
   294.2	3.833125	74.976307	75.033330	  277.144980	  276.918700
    23.0	0.314165	74.976307	74.971800	  277.144980	  277.127470
   266.6	7.452104	75.096966	75.163350	  185.196046	  185.068240
    30.1	0.932375	75.096966	75.091140	  185.196046	  185.219420
   151.8	2.011843	75.192618	75.224260	  138.451385	  138.342160
    43.7	1.037532	75.236197	75.227960	  106.062317	  106.027360
    29.0	0.662136	75.245533	75.248690	  186.658835	  186.687910
    20.7	0.281947	75.268612	75.273430	  354.242470	  354.254880
     9.2	0.304981	75.310518	75.313040	  185.436780	  185.435320
     9.6	0.316767	75.413979	75.411960	  106.057129	  106.064020
    19.8	0.620746	75.549825	75.552560	  184.936696	  184.917560
    66.2	1.608995	75.562713	75.545690	  358.065781	  358.093630
    32.9	1.048629	75.579003	75.585190	  311.195522	  311.168580
     8.4	0.278953	75.597246	75.598370	  309.338428	  309.330230
    54.2	0.737298	75.621467	75.616430	  311.592227	  311.649410
     9.7	0.234148	75.813092	75.814420	  122.422939	  122.413340
   129.2	2.314677	75.870091	75.864430	  185.979655	  185.834470
